1 0 -0.000299198097743715 -0.000585550925653561 -0.886310614601086 -0.264024355515289
1.03030303030303 0 -0.000297093780252996 -0.000611057231467872 0.237486213425026 0.0707451128431558
1.06060606060606 0 -0.000294824219676676 -0.000630069771886026 -0.0636342391025337 -0.0189560958545485
1.09090909090909 0 -0.000304791723351441 -0.000651706648496985 0.0170507429790376 0.0050792705830176
1.12121212121212 0 -0.000300988836776554 -0.000676265181768402 -0.00456873281298584 -0.00136098645312899
1.15151515151515 0 -0.000307776365005002 -0.000695327820035979 0.00122418826714465 0.00036467521628758
1.18181818181818 0 -0.000312414459621993 -0.000716314446509992 -0.00032802025830847 -9.77144315275069E-05
1.21212121212121 0 -0.000315245543031275 -0.000743284568045078 8.78927636094318E-05 2.61825025482665E-05
1.24242424242424 0 -0.000315432570747754 -0.000764466907819856 -2.35507944292834E-05 -7.0155742335487E-06
1.27272727272727 0 -0.000316540405176463 -0.000789627968255109 6.31041675092092E-06 1.87981845556351E-06
1.3030303030303 0 -0.000316264942149971 -0.000815531311567139 -1.69087145707181E-06 -5.03695616771438E-07
1.33333333333333 0 -0.000314668209364953 -0.00083523285164645 4.53068373929E-07 1.34965746134696E-07
1.36363636363636 0 -0.00031959057801953 -0.000857101379062831 -1.21399807540001E-07 -3.61622056743727E-08
1.39393939393939 0 -0.00031957516793801 -0.00087817082921068 3.25289803981832E-08 9.69228608482808E-09
1.42424242424242 0 -0.000315660521654694 -0.00090008828886054 -8.71430394511208E-09 -2.6002453523688E-09
1.45454545454545 0 -0.000320319672235499 -0.00091980810595637 2.33585950581983E-09 7.00453028912307E-10
1.48484848484848 0 -0.00032937987479303 -0.000940451242281573 -6.2625105101688E-10 -1.88045135018911E-10
1.51515151515152 0 -0.000326769673498623 -0.000965679965569895 1.6728307628E-10 5.20685716765001E-11
1.54545454545455 0 -0.000327671091019388 -0.000985983897226601 -4.41415792806765E-11 -1.22639676192193E-11
1.57575757575758 0 -0.000327790341685426 -0.00101060625261415 1.09863229624807E-11 5.45563594300802E-13
1.60606060606061 0 -0.000328597572886506 -0.00103195892465089 -2.30571117754153E-12 1.20792265079217E-12
1.63636363636364 0 -0.000328612240096121 -0.00105965566208773 1.11555209514336E-12 2.24531504500192E-12
1.66666666666667 0 -0.000326554895770716 -0.00109574037694335 3.33955085807247E-13 -2.8421709430404E-13
1.6969696969697 0 -0.000323218628358008 -0.00111181149344075 1.17239551400417E-12 0
1.72727272727273 0 -0.00032241426395317 -0.0011326341741726 -7.56728013584507E-13 -1.86872739504906E-12
1.75757575757576 0 -0.000321218398819386 -0.00115234995815321 6.83897383169096E-13 3.85824705517734E-12
1.78787878787879 0 -0.000320252054667052 -0.00117218146513038 -9.02389274415327E-13 -5.27222709933994E-12
1.81818181818182 0 -0.000319688056480503 -0.0011920553873644 -1.19459997449667E-12 4.05009359383257E-12
1.84848484848485 0 -0.000318172531715397 -0.00121171307189032 6.32383034826489E-13 3.12638803734444E-13
1.87878787878788 0 -0.000318278719898401 -0.00123128771954038 -2.0961010704923E-13 -4.68958205601666E-12
1.90909090909091 0 -0.000317563774721698 -0.00125098036627868 3.83693077310454E-13 1.31450406115619E-13
1.93939393939394 0 -0.000317114810781283 -0.00127053757161135 2.35900188272353E-12 -9.2370555648813E-13
1.96969696969697 0 -0.000316412781090021 -0.00128954534419511 1.35003119794419E-13 2.70006239588838E-13
2 0 -0.000317945871779879 -0.00130884034341907 2.48689957516035E-13 1.19371179607697E-12
