2 0 -0.000317945871779879 -0.00130884034341907 2.48689957516035E-13 1.19371179607697E-12
2 0.0303030303030303 -0.000297809720571677 -0.00130988494154628 -1.52056145452661E-12 -1.4210854715202E-13
2 0.0606060606060606 -0.000276496166228691 -0.00131130047512804 -5.96855898038484E-13 -4.83169060316868E-13
2 0.0909090909090909 -0.00025646054724015 -0.00131091674072104 1.94333438230387E-12 -4.57589521829505E-12
2 0.121212121212121 -0.000236293071376103 -0.00131230079183658 -1.72128977737884E-12 -2.72848410531878E-12
2 0.151515151515152 -0.000214914687126026 -0.00131288080404862 3.69482222595252E-13 -7.38964445190504E-13
2 0.181818181818182 -0.000194692328940935 -0.00131379791870682 -8.17124146124115E-14 1.64845914696343E-12
2 0.212121212121212 -0.000173717959338862 -0.00131325490942341 1.54898316395702E-12 -3.12638803734444E-13
2 0.242424242424242 -0.000152512174320448 -0.00131406700158168 -1.20792265079217E-13 2.21334062189271E-12
2 0.272727272727273 -0.000133066594796394 -0.0013132057319067 1.00808250635964E-12 3.36086714014527E-12
2 0.303030303030303 -0.000112015642644697 -0.00131373705808628 -2.07833750209829E-12 -2.25952589971712E-12
2 0.333333333333333 -9.37555864902549E-05 -0.001313970699054 1.12332365631573E-12 1.56319401867222E-12
2 0.363636363636364 -6.76780067659996E-05 -0.00131148473538866 1.90486515450061E-13 -1.13686837721616E-12
2 0.393939393939394 -6.13368527477924E-05 -0.00131326479008886 -4.38760139331862E-13 -3.97903932025656E-12
2 0.424242424242424 -2.96697292038354E-05 -0.00131227562391903 -1.11377573830396E-12 2.70006239588838E-12
2 0.454545454545455 -2.52900740329524E-05 -0.00131282053477257 8.69943006520657E-13 -4.83169060316868E-13
2 0.484848484848485 9.54015553504361E-06 -0.00131191550864358 7.56728013584507E-13 -1.81898940354586E-12
2 0.515151515151515 7.9541998540412E-06 -0.00131214205659489 -2.55795384873636E-13 3.02691205433803E-12
2 0.545454545454545 4.27037595897456E-05 -0.00131723063596711 -2.38031816479634E-13 -1.12265752250096E-12
2 0.575757575757576 4.79516461376541E-05 -0.00131793381749885 7.7804429565731E-13 -5.41788836017076E-13
2 0.606060606060606 7.96811969626078E-05 -0.00131978795012048 -2.0961010704923E-13 1.73372427525464E-12
2 0.636363636363636 8.64080892580313E-05 -0.00131891271854228 -7.46069872548105E-13 -1.30739863379858E-12
2 0.666666666666667 0.000112786601590303 -0.00132269762794599 -1.03206332369155E-12 9.9475983006414E-14
2 0.696969696969697 0.000131018090513242 -0.001321874792226 -3.48165940522449E-13 -2.27373675443232E-13
2 0.727272727272727 0.000152127423978971 -0.00132411791586233 5.32907051820075E-13 2.49400500251795E-12
2 0.757575757575758 0.000172037242016891 -0.00132454322793496 2.55795384873636E-13 -5.11590769747272E-13
2 0.787878787878788 0.000192819487398382 -0.00132461306087814 -2.05346850634669E-12 -1.75504055732745E-12
2 0.818181818181818 0.000213988782915822 -0.00132833292134626 1.19571019752129E-13 -3.04822833641083E-12
2 0.848484848484849 0.000234786815108795 -0.00132893204785715 1.49213974509621E-12 6.02540239924565E-12
2 0.878787878787879 0.000256594864502161 -0.0013302599473523 1.52988732793347E-13 -6.46593889541691E-12
2 0.909090909090909 0.000277610108190526 -0.00133114275523188 9.44799793956008E-13 2.26663132707472E-12
2 0.939393939393939 0.000298544102190389 -0.00133246728247788 -1.88293824976427E-12 1.81898940354586E-12
2 0.96969696969697 0.000320877420373484 -0.00133376453831504 -1.78346226675785E-12 -1.50635059981141E-12
2 1 0.000344847812258006 -0.00133633098415007 2.18136619878351E-12 -0.999999999999076
