1 1 0.000312891370709849 -0.000604086343628757 0.86902345146653 -0.235420287869403
1 0.96969696969697 0.000292209970603405 -0.000602172390323562 -6.4686740417892 1.75013552814472
1 0.939393939393939 0.000265459129046298 -0.000607966683140992 3.08836925127873 -0.842912270749849
1 0.909090909090909 0.000257578556277566 -0.000595942380288534 -5.88480296332376 1.62151355485861
1 0.878787878787879 0.000222421484305481 -0.000606490364070673 1.67638136665797 -0.57015047055544
1 0.848484848484849 0.000220096409277207 -0.00059237015169801 -7.26975423903481 2.40596705331956
1 0.818181818181818 0.000183616321444258 -0.000601624024208087 2.89987335383404 -1.12667665844151
1 0.787878787878788 0.000184955739614303 -0.000583816407339175 -4.32973917629809 2.10073958046135
1 0.757575757575758 0.000144742893115095 -0.000596834843968876 0.0850080432058604 -0.362333419363402
1 0.727272727272727 0.000145749000295558 -0.000582618390407712 -4.73191635889745 3.55541255126688
1 0.696969696969697 0.000108134183957659 -0.000593227719458191 1.01186965212153 -1.09392133044659
1 0.666666666666667 0.000115381497953534 -0.000579546681553681 -1.78660040554061 2.5893353439337
1 0.636363636363636 7.69367033116478E-05 -0.000586332235296758 -0.971436198779475 1.01522220215918
1 0.606060606060606 7.54597618558014E-05 -0.000577691094914192 -1.52761089357111 3.76436976787332
1 0.575757575757576 4.28860054603099E-05 -0.000584528428584698 -0.192183964924882 0.109051933169866
1 0.545454545454545 4.30838173512019E-05 -0.000577776750548195 -0.086046775215439 1.09925289800749
1 0.515151515151515 9.31994729452741E-06 -0.000576922811844675 -0.560106180459641 1.9902560481413
1 0.484848484848485 6.73440592755776E-06 -0.000577735337818538 0.473169906383454 1.92001405541269
1 0.454545454545455 -2.66414211254916E-05 -0.00057459943892723 0.03274607973092 1.08938316970811
1 0.424242424242424 -2.67635268276997E-05 -0.000580219498765305 0.20361597267437 0.0882607983009223
1 0.393939393939394 -5.94571076347245E-05 -0.000573146816777341 1.48729399497061 3.53412046237444
1 0.363636363636364 -6.06677912838048E-05 -0.000580733119356475 0.975052560880021 0.969942180490506
1 0.333333333333333 -9.93717420200358E-05 -0.000572412333953002 1.77253091298491 2.46253874790358
1 0.303030303030303 -9.19803262587993E-05 -0.000586435884983721 -0.998607860437236 -1.07259571658436
1 0.272727272727273 -0.000129750047102939 -0.000572450028384488 4.65054601239952 3.66366559165792
1 0.242424242424242 -0.000129049943185509 -0.00058756620664812 -0.0786901364323001 -0.334945014355554
1 0.212121212121212 -0.000168950102475337 -0.000572968525014202 4.29273643586344 2.28930557835369
1 0.181818181818182 -0.000167547462601567 -0.00058947379139497 -2.91119348015847 -1.24045152293459
1 0.151515151515151 -0.000204096938250024 -0.000578142285456665 7.35203748476899 2.67250051337965
1 0.121212121212121 -0.000206718815028019 -0.000591061939128327 -1.69316719246223 -0.63256715577981
1 0.0909090909090909 -0.000242311590942638 -0.000579408339441048 5.99796881092368 1.8169167013227
1 0.0606060606060606 -0.000250540305461878 -0.000591077410646942 -3.14891046203626 -0.944957489094293
1 0.0303030303030303 -0.000277689039272739 -0.000584210693731933 6.59767303722177 1.96291325505069
1 0 -0.000299198097743715 -0.000585550925653561 -0.886310614601086 -0.264024355515289
