2 1 0.000344847812258006 -0.00133633098415007 2.18136619878351E-12 -0.999999999999076
1.96969696969697 1 0.000341948736328461 -0.00131215845093322 2.8421709430404E-14 -0.999999999999716
1.93939393939394 1 0.000341197345591899 -0.00129213101888038 1.91135995919467E-12 -1.000000000001
1.90909090909091 1 0.000340750376462959 -0.00127179743533829 7.53175299905706E-13 -1.00000000000114
1.87878787878788 1 0.000340955756711835 -0.00125251278582552 -2.01438865587988E-12 -0.999999999999588
1.84848484848485 1 0.000340303579499818 -0.00123093160124643 1.48858703141741E-12 -1.00000000000264
1.81818181818182 1 0.000340974777294187 -0.00121132425511952 -8.59756710269721E-13 -1.00000000000172
1.78787878787879 1 0.00034116314772667 -0.00119124296172582 1.19726450975577E-12 -0.99999999999714
1.75757575757576 1 0.000341567869974034 -0.00117136732470002 -5.83533221742982E-13 -0.99999999999865
1.72727272727273 1 0.000342563591898189 -0.00115204326414122 6.43041175862891E-13 -1.00000000000201
1.6969696969697 1 0.000343103491058306 -0.00113040837804339 -3.91686683087755E-13 -1.00000000000037
1.66666666666667 1 0.000346237194782816 -0.00111430559220364 1.56852308919042E-12 -0.999999999996604
1.63636363636364 1 0.000347788788239981 -0.00107664352272703 -5.6665783176868E-13 -0.999999999998821
1.60606060606061 1 0.00034724753539281 -0.00105038879182645 2.31636931857793E-12 -1.000000000002
1.57575757575758 1 0.000346421828474992 -0.00102865806921622 -1.14619425062301E-11 -0.999999999995552
1.54545454545455 1 0.000345964831538013 -0.00100381901449328 4.40500969034474E-11 -1.00000000001095
1.51515151515152 1 0.000344849182779292 -0.000983486027401569 -1.64362745636026E-10 -0.999999999958121
1.48484848484848 1 0.000347093725313813 -0.000957964872938343 6.14975625978786E-10 -1.00000000016521
1.45454545454545 1 0.000337927459777545 -0.000937567451980722 -2.28970442606169E-09 -0.999999999381387
1.42424242424242 1 0.000333080048323914 -0.000917849499711126 8.54567439034781E-09 -1.00000000231336
1.39393939393939 1 0.000336674919205774 -0.000895884079831637 -3.18947073196796E-08 -0.999999991363609
1.36363636363636 1 0.000336428608015758 -0.00087513897726825 1.19030854506263E-07 -1.00000003224663
1.33333333333333 1 0.000331212353617031 -0.000853526143026211 -4.4423017442341E-07 -0.999999879652499
1.3030303030303 1 0.000332645722657552 -0.000834340429762186 1.65789181849618E-06 -1.00000044912494
1.27272727272727 1 0.000332798808965504 -0.00080844317226656 -6.18733493418233E-06 -0.999998323837801
1.24242424242424 1 0.000331501778209496 -0.000783283374306452 2.30914438201779E-05 -1.00000625552244
1.21212121212121 1 0.000331097422527577 -0.000761949752527609 -8.61784460681747E-05 -0.999976654076349
1.18181818181818 1 0.000328050057121787 -0.000734719721503914 0.000321622342376315 -1.00008712816858
1.15151515151515 1 0.000322871394625394 -0.000713924323091016 -0.00120031092409612 -0.999674833235005
1.12121212121212 1 0.000316023013618691 -0.000695360357086584 0.00447962135537194 -1.00121353888471
1.09090909090909 1 0.000319433487115555 -0.000670576801691487 -0.0167181744983296 -0.995471011227423
1.06060606060606 1 0.000309308611144652 -0.000649361314830564 0.0623930766333771 -1.01690241619633
1.03030303030303 1 0.000311304529192319 -0.000630116302322781 -0.232854132026002 -0.93691932398616
1 1 0.000312891370709849 -0.000604086343628757 0.86902345146653 -0.235420287869403
